Motif	Counts	avgRef	OvE	p-value
SQFQ	9	0.01	900.0	1.6e-08
QPTI	8	0.01	800.0	1.1e-07
VYEV	7	0.01	700.0	8.4e-07
VYEL	7	0.01	700.0	8.4e-07
PLYP	6	0.01	600.0	6.2e-06
SYLI	6	0.01	600.0	6.2e-06
VFEL	6	0.01	600.0	6.2e-06
TGWM	5	0.01	500.0	4.6e-05
EVQQ	5	0.01	500.0	4.6e-05
YANQ	5	0.01	500.0	4.6e-05
QEIV	5	0.01	500.0	4.6e-05
VHEL	5	0.01	500.0	4.6e-05
YGEL	5	0.01	500.0	4.6e-05
HQTD	5	0.01	500.0	4.6e-05
QFLY	4	0.01	400.0	3.4e-04
DFLL	4	0.01	400.0	3.4e-04
GQWQ	4	0.01	400.0	3.4e-04
AVYL	4	0.01	400.0	3.4e-04
QVSH	4	0.01	400.0	3.4e-04
PYVI	4	0.01	400.0	3.4e-04
THLP	4	0.01	400.0	3.4e-04
PYHN	4	0.01	400.0	3.4e-04
LDQF	4	0.01	400.0	3.4e-04
SHWE	4	0.01	400.0	3.4e-04
LPMA	4	0.01	400.0	3.4e-04
QWED	4	0.01	400.0	3.4e-04
HTRL	4	0.01	400.0	3.4e-04
DLIN	4	0.01	400.0	3.4e-04
QALM	4	0.01	400.0	3.4e-04
FYTL	4	0.01	400.0	3.4e-04
LQIA	4	0.01	400.0	3.4e-04
YLAP	4	0.01	400.0	3.4e-04
YESL	4	0.01	400.0	3.4e-04
QEHP	4	0.01	400.0	3.4e-04
QELI	4	0.01	400.0	3.4e-04
MAPN	4	0.01	400.0	3.4e-04
LNIR	4	0.01	400.0	3.4e-04
HNF	4	0.01	400.0	3.4e-04
VNDR	4	0.01	400.0	3.4e-04
PYPY	4	0.01	400.0	3.4e-04
MQYE	4	0.01	400.0	3.4e-04
IVHL	4	0.01	400.0	3.4e-04
HGTI	4	0.01	400.0	3.4e-04
HSED	4	0.01	400.0	3.4e-04
SYQF	4	0.01	400.0	3.4e-04
YGPV	4	0.01	400.0	3.4e-04
QDEQ	4	0.01	400.0	3.4e-04
VDWY	4	0.01	400.0	3.4e-04
TLID	4	0.01	400.0	3.4e-04
NYAS	4	0.01	400.0	3.4e-04
YTGW	4	0.01	400.0	3.4e-04
QEEV	11	0.17	65.9	3.0e-09
LLFP	8	0.17	47.9	9.1e-07
QDWP	8	0.17	47.9	9.1e-07
SEYF	8	0.17	47.9	9.1e-07
QEFA	7	0.17	41.9	5.9e-06
QEIS	13	0.32	40.2	4.2e-10
QDIL	12	0.32	37.1	2.7e-09
YENY	6	0.17	36.0	3.8e-05
QDID	6	0.17	36.0	3.8e-05
EFFG	6	0.17	36.0	3.8e-05
GPYM	6	0.17	36.0	3.8e-05
FIGA	6	0.17	36.0	3.8e-05
EILL	6	0.17	36.0	3.8e-05
YLAD	10	0.32	30.9	1.1e-07
SAQY	5	0.17	30.0	2.4e-04
PEEI	5	0.17	30.0	2.4e-04
GEFF	5	0.17	30.0	2.4e-04
QEWQ	5	0.17	30.0	2.4e-04
PIEP	5	0.17	30.0	2.4e-04
TNLE	5	0.17	30.0	2.4e-04
YMGN	5	0.17	30.0	2.4e-04
HPGF	5	0.17	30.0	2.4e-04
HKDE	5	0.17	30.0	2.4e-04
QDFV	5	0.17	30.0	2.4e-04
LMAY	5	0.17	30.0	2.4e-04
FLHP	5	0.17	30.0	2.4e-04
PIPL	5	0.17	30.0	2.4e-04
QEDP	9	0.32	27.8	6.6e-07
FPNE	17	0.64	26.7	6.1e-12
DPWD	8	0.32	24.7	4.0e-06
LSFE	8	0.32	24.7	4.0e-06
PYPL	8	0.32	24.7	4.0e-06
QDSF	8	0.32	24.7	4.0e-06
QEFP	7	0.32	21.6	2.4e-05
EFWT	7	0.32	21.6	2.4e-05
DFLD	7	0.32	21.6	2.4e-05
DSME	7	0.32	21.6	2.4e-05
FWQG	7	0.32	21.6	2.4e-05
APHN	7	0.32	21.6	2.4e-05
DPPP	7	0.32	21.6	2.4e-05
QFLA	7	0.32	21.6	2.4e-05
QPTL	7	0.32	21.6	2.4e-05
QEIL	7	0.32	21.6	2.4e-05
QESQ	10	0.48	20.8	4.1e-07
KLAP	13	0.64	20.4	7.3e-09
LSHP	21	1.11	18.9	2.7e-13
QESF	6	0.32	18.5	1.4e-04
SMIL	6	0.32	18.5	1.4e-04
DLFT	6	0.32	18.5	1.4e-04
GIIH	6	0.32	18.5	1.4e-04
TDWE	6	0.32	18.5	1.4e-04
QDQI	6	0.32	18.5	1.4e-04
DLFP	6	0.32	18.5	1.4e-04
FVSP	6	0.32	18.5	1.4e-04
QDPF	6	0.32	18.5	1.4e-04
QDEV	6	0.32	18.5	1.4e-04
LYFG	6	0.32	18.5	1.4e-04
QIDR	6	0.32	18.5	1.4e-04
IGFE	6	0.32	18.5	1.4e-04
EIPT	6	0.32	18.5	1.4e-04
LTFP	6	0.32	18.5	1.4e-04
GPYL	20	1.11	18.0	1.5e-12
QDLL	78	4.56	17.1	3.9e-44
IGIG	40	2.36	16.9	2.8e-23
DLLV	24	1.42	16.9	1.6e-14
VHLT	8	0.48	16.6	1.3e-05
EAPL	8	0.48	16.6	1.3e-05
SILY	8	0.48	16.6	1.3e-05
KLTP	8	0.48	16.6	1.3e-05
QDFA	10	0.64	15.7	1.2e-06
FLTP	10	0.64	15.7	1.2e-06
PNYY	5	0.32	15.4	7.6e-04
DWGF	5	0.32	15.4	7.6e-04
DPHN	5	0.32	15.4	7.6e-04
FGHL	5	0.32	15.4	7.6e-04
HEVG	5	0.32	15.4	7.6e-04
QDVP	5	0.32	15.4	7.6e-04
PTIN	5	0.32	15.4	7.6e-04
EPPN	5	0.32	15.4	7.6e-04
FGSF	5	0.32	15.4	7.6e-04
TSLI	5	0.32	15.4	7.6e-04
YMGS	5	0.32	15.4	7.6e-04
HETP	5	0.32	15.4	7.6e-04
EYTY	5	0.32	15.4	7.6e-04
QYGD	5	0.32	15.4	7.6e-04
LSIP	5	0.32	15.4	7.6e-04
PFPL	5	0.32	15.4	7.6e-04
FPLT	5	0.32	15.4	7.6e-04
QTHY	5	0.32	15.4	7.6e-04
YTYS	5	0.32	15.4	7.6e-04
FFGL	5	0.32	15.4	7.6e-04
SHNP	5	0.32	15.4	7.6e-04
QDTI	5	0.32	15.4	7.6e-04
LRMD	5	0.32	15.4	7.6e-04
FTFG	5	0.32	15.4	7.6e-04
ALFD	5	0.32	15.4	7.6e-04
TSKL	5	0.32	15.4	7.6e-04
SMYT	5	0.32	15.4	7.6e-04
EDTI	5	0.32	15.4	7.6e-04
LIGF	5	0.32	15.4	7.6e-04
SIIL	12	0.79	15.1	1.2e-07
SIGI	40	2.68	14.9	2.4e-22
SIVH	7	0.48	14.6	6.9e-05
QDQQ	7	0.48	14.6	6.9e-05
QDHP	7	0.48	14.6	6.9e-05
PLEP	7	0.48	14.6	6.9e-05
TQKD	7	0.48	14.6	6.9e-05
QDMN	7	0.48	14.6	6.9e-05
SEYV	9	0.64	14.1	6.6e-06
QPTV	20	1.42	14.1	1.3e-11
QEIA	11	0.79	13.8	6.4e-07
SQID	11	0.79	13.8	6.4e-07
HELA	11	0.79	13.8	6.4e-07
EGEW	24	1.74	13.8	1.3e-13
QDFP	13	0.95	13.7	6.4e-08
LYPD	15	1.11	13.5	6.4e-09
IGLG	191	14.60	13.1	1.2e-95
QDIN	14	1.11	12.6	3.2e-08
SQFL	12	0.95	12.6	3.2e-07
FGVY	10	0.79	12.6	3.3e-06
QEVP	10	0.79	12.6	3.3e-06
QDGF	10	0.79	12.6	3.3e-06
QDQY	8	0.64	12.5	3.4e-05
LLYP	8	0.64	12.5	3.4e-05
MGIG	8	0.64	12.5	3.4e-05
PDIE	6	0.48	12.5	3.6e-04
GIIR	6	0.48	12.5	3.6e-04
FSPN	6	0.48	12.5	3.6e-04
QYM	6	0.48	12.5	3.6e-04
YVDS	6	0.48	12.5	3.6e-04
SKTY	6	0.48	12.5	3.6e-04
YEM	6	0.48	12.5	3.6e-04
IGLI	6	0.48	12.5	3.6e-04
GNFL	6	0.48	12.5	3.6e-04
LTYP	6	0.48	12.5	3.6e-04
YLWG	6	0.48	12.5	3.6e-04
YPLP	6	0.48	12.5	3.6e-04
FGTF	6	0.48	12.5	3.6e-04
SDFH	6	0.48	12.5	3.6e-04
SYMD	6	0.48	12.5	3.6e-04
QDNL	6	0.48	12.5	3.6e-04
QDFD	6	0.48	12.5	3.6e-04
TTSW	6	0.48	12.5	3.6e-04
PLIE	6	0.48	12.5	3.6e-04
IGIY	6	0.48	12.5	3.6e-04
FPPY	6	0.48	12.5	3.6e-04
NSGW	6	0.48	12.5	3.6e-04
PWDE	35	2.83	12.4	2.2e-18
QDLF	19	1.58	12.0	1.6e-10
GPYI	15	1.27	11.9	1.6e-08
NSLE	11	0.95	11.6	1.6e-06
IILA	11	0.95	11.6	1.6e-06
DLTL	9	0.79	11.3	1.6e-05
DPYQ	9	0.79	11.3	1.6e-05
APWD	9	0.79	11.3	1.6e-05
DPYY	9	0.79	11.3	1.6e-05
IFNE	16	1.42	11.3	7.8e-09
QDWT	16	1.42	11.3	7.8e-09
QDPQ	14	1.27	11.1	7.7e-08
MVYE	14	1.27	11.1	7.7e-08
QDPH	7	0.64	11.0	1.7e-04
LYTA	7	0.64	11.0	1.7e-04
EFRT	7	0.64	11.0	1.7e-04
YEAS	7	0.64	11.0	1.7e-04
SFWL	7	0.64	11.0	1.7e-04
FLGI	7	0.64	11.0	1.7e-04
PDIS	7	0.64	11.0	1.7e-04
DFGY	7	0.64	11.0	1.7e-04
QETV	7	0.64	11.0	1.7e-04
SYFL	12	1.11	10.8	7.7e-07
SIGM	22	2.05	10.7	2.0e-11
IGMG	25	2.36	10.6	1.0e-12
YSIT	10	0.95	10.5	7.7e-06
TVKD	10	0.95	10.5	7.7e-06
WTQG	13	1.27	10.3	3.6e-07
SQDH	87	8.48	10.3	5.2e-40
FYGS	8	0.79	10.1	7.8e-05
SQFY	8	0.79	10.1	7.8e-05
DPFY	8	0.79	10.1	7.8e-05
GMIY	8	0.79	10.1	7.8e-05
